1. 873 - 90522 
2. 873 - 93527 
3. 873 - 97019 
4. 873 - 100098 
5. 873 - 107043 
6. 873 - 110224 
7. 873 - 110977 
8. 873 - 112876 
9. 873 - 113015 
10. 873 - 116561 
11. 873 - 119747 
12. 9370 - 90522 
13. 9370 - 93527 
14. 9370 - 97019 
15. 9370 - 100098 
16. 9370 - 107043 
17. 9370 - 110224 
18. 9370 - 110977 
19. 9370 - 112876 
20. 9370 - 113015 
21. 9370 - 116561 
22. 9370 - 119747 
23. 9370 - 124069 
24. 9370 - 126242 
25. 14666 - 97019 
26. 14666 - 100098 
27. 14666 - 107043 
28. 14666 - 110224 
29. 14666 - 110977 
30. 14666 - 112876 
31. 14666 - 113015 
32. 14666 - 116561 
33. 14666 - 119747 
34. 14666 - 124069 
35. 14666 - 126242 
36. 14666 - 132335 
37. 17346 - 100098 
38. 17346 - 107043 
39. 17346 - 110224 
40. 17346 - 110977 
41. 17346 - 112876 
42. 17346 - 113015 
43. 17346 - 116561 
44. 17346 - 119747 
45. 17346 - 124069 
46. 17346 - 126242 
47. 17346 - 132335 
48. 22108 - 107043 
49. 22108 - 110224 
50. 22108 - 110977 
51. 22108 - 112876 
52. 22108 - 113015 
53. 22108 - 116561 
54. 22108 - 119747 
55. 22108 - 124069 
56. 22108 - 126242 
57. 22108 - 132335 
58. 31085 - 112876 
59. 31085 - 113015 
60. 31085 - 116561 
61. 31085 - 119747 
62. 31085 - 124069 
63. 31085 - 126242 
64. 31085 - 132335 
65. 31085 - 145514 
66. 31085 - 145649 
67. 31085 - 146062 
68. 31085 - 146797 
69. 31085 - 149569 
70. 37719 - 119747 
71. 37719 - 124069 
72. 37719 - 126242 
73. 37719 - 132335 
74. 37719 - 145514 
75. 37719 - 145649 
76. 37719 - 146062 
77. 37719 - 146797 
78. 37719 - 149569 
79. 39439 - 119747 
80. 39439 - 124069 
81. 39439 - 126242 
82. 39439 - 132335 
83. 39439 - 145514 
84. 39439 - 145649 
85. 39439 - 146062 
86. 39439 - 146797 
87. 39439 - 149569 
88. 49693 - 132335 
89. 49693 - 145514 
90. 49693 - 145649 
91. 49693 - 146062 
92. 49693 - 146797 
93. 49693 - 149569 
94. 49693 - 161219 
95. 49693 - 168277 
96. 50135 - 132335 
97. 50135 - 145514 
98. 50135 - 145649 
99. 50135 - 146062 
100. 50135 - 146797 
101. 50135 - 149569 
102. 50135 - 161219 
103. 50135 - 168277 
104. 53176 - 145514 
105. 53176 - 145649 
106. 53176 - 146062 
107. 53176 - 146797 
108. 53176 - 149569 
109. 53176 - 161219 
110. 53176 - 168277 
111. 53176 - 170812 
112. 55745 - 145514 
113. 55745 - 145649 
114. 55745 - 146062 
115. 55745 - 146797 
116. 55745 - 149569 
117. 55745 - 161219 
118. 55745 - 168277 
119. 55745 - 170812 
120. 61326 - 145514 
121. 61326 - 145649 
122. 61326 - 146062 
123. 61326 - 146797 
124. 61326 - 149569 
125. 61326 - 161219 
126. 61326 - 168277 
127. 61326 - 170812 
128. 64847 - 145514 
129. 64847 - 145649 
130. 64847 - 146062 
131. 64847 - 146797 
132. 64847 - 149569 
133. 64847 - 161219 
134. 64847 - 168277 
135. 64847 - 170812 
136. 64847 - 184294 
137. 67115 - 149569 
138. 67115 - 161219 
139. 67115 - 168277 
140. 67115 - 170812 
141. 67115 - 184294 
142. 67115 - 186822 
143. 67115 - 186931 
144. 67115 - 187018 
145. 67138 - 149569 
146. 67138 - 161219 
147. 67138 - 168277 
148. 67138 - 170812 
149. 67138 - 184294 
150. 67138 - 186822 
151. 67138 - 186931 
152. 67138 - 187018 
153. 68103 - 149569 
154. 68103 - 161219 
155. 68103 - 168277 
156. 68103 - 170812 
157. 68103 - 184294 
158. 68103 - 186822 
159. 68103 - 186931 
160. 68103 - 187018 
161. 73792 - 161219 
162. 73792 - 168277 
163. 73792 - 170812 
164. 73792 - 184294 
165. 73792 - 186822 
166. 73792 - 186931 
167. 73792 - 187018 
168. 77629 - 161219 
169. 77629 - 168277 
170. 77629 - 170812 
171. 77629 - 184294 
172. 77629 - 186822 
173. 77629 - 186931 
174. 77629 - 187018 
175. 77629 - 193917 
176. 79850 - 161219 
177. 79850 - 168277 
178. 79850 - 170812 
179. 79850 - 184294 
180. 79850 - 186822 
181. 79850 - 186931 
182. 79850 - 187018 
183. 79850 - 193917 
184. 90522 - 170812 
185. 90522 - 184294 
186. 90522 - 186822 
187. 90522 - 186931 
188. 90522 - 187018 
189. 90522 - 193917 
190. 90522 - 203355 
191. 90522 - 204661 
192. 90522 - 205388 
193. 90522 - 205734 
194. 93527 - 184294 
195. 93527 - 186822 
196. 93527 - 186931 
197. 93527 - 187018 
198. 93527 - 193917 
199. 93527 - 203355 
200. 93527 - 204661 
201. 93527 - 205388 
202. 93527 - 205734 
203. 97019 - 184294 
204. 97019 - 186822 
205. 97019 - 186931 
206. 97019 - 187018 
207. 97019 - 193917 
208. 97019 - 203355 
209. 97019 - 204661 
210. 97019 - 205388 
211. 97019 - 205734 
212. 97019 - 213782 
213. 100098 - 184294 
214. 100098 - 186822 
215. 100098 - 186931 
216. 100098 - 187018 
217. 100098 - 193917 
218. 100098 - 203355 
219. 100098 - 204661 
220. 100098 - 205388 
221. 100098 - 205734 
222. 100098 - 213782 
223. 100098 - 217074 
224. 100098 - 217901 
225. 107043 - 193917 
226. 107043 - 203355 
227. 107043 - 204661 
228. 107043 - 205388 
229. 107043 - 205734 
230. 107043 - 213782 
231. 107043 - 217074 
232. 107043 - 217901 
233. 107043 - 223285 
234. 107043 - 225866 
235. 110224 - 193917 
236. 110224 - 203355 
237. 110224 - 204661 
238. 110224 - 205388 
239. 110224 - 205734 
240. 110224 - 213782 
241. 110224 - 217074 
242. 110224 - 217901 
243. 110224 - 223285 
244. 110224 - 225866 
245. 110224 - 228549 
246. 110224 - 229090 
247. 110977 - 193917 
248. 110977 - 203355 
249. 110977 - 204661 
250. 110977 - 205388 
251. 110977 - 205734 
252. 110977 - 213782 
253. 110977 - 217074 
254. 110977 - 217901 
255. 110977 - 223285 
256. 110977 - 225866 
257. 110977 - 228549 
258. 110977 - 229090 
259. 112876 - 193917 
260. 112876 - 203355 
261. 112876 - 204661 
262. 112876 - 205388 
263. 112876 - 205734 
264. 112876 - 213782 
265. 112876 - 217074 
266. 112876 - 217901 
267. 112876 - 223285 
268. 112876 - 225866 
269. 112876 - 228549 
270. 112876 - 229090 
271. 113015 - 193917 
272. 113015 - 203355 
273. 113015 - 204661 
274. 113015 - 205388 
275. 113015 - 205734 
276. 113015 - 213782 
277. 113015 - 217074 
278. 113015 - 217901 
279. 113015 - 223285 
280. 113015 - 225866 
281. 113015 - 228549 
282. 113015 - 229090 
283. 116561 - 203355 
284. 116561 - 204661 
285. 116561 - 205388 
286. 116561 - 205734 
287. 116561 - 213782 
288. 116561 - 217074 
289. 116561 - 217901 
290. 116561 - 223285 
291. 116561 - 225866 
292. 116561 - 228549 
293. 116561 - 229090 
294. 116561 - 233061 
295. 116561 - 234555 
296. 116561 - 236364 
297. 119747 - 203355 
298. 119747 - 204661 
299. 119747 - 205388 
300. 119747 - 205734 
301. 119747 - 213782 
302. 119747 - 217074 
303. 119747 - 217901 
304. 119747 - 223285 
305. 119747 - 225866 
306. 119747 - 228549 
307. 119747 - 229090 
308. 119747 - 233061 
309. 119747 - 234555 
310. 119747 - 236364 
311. 119747 - 237559 
312. 119747 - 237695 
313. 124069 - 204661 
314. 124069 - 205388 
315. 124069 - 205734 
316. 124069 - 213782 
317. 124069 - 217074 
318. 124069 - 217901 
319. 124069 - 223285 
320. 124069 - 225866 
321. 124069 - 228549 
322. 124069 - 229090 
323. 124069 - 233061 
324. 124069 - 234555 
325. 124069 - 236364 
326. 124069 - 237559 
327. 124069 - 237695 
328. 126242 - 213782 
329. 126242 - 217074 
330. 126242 - 217901 
331. 126242 - 223285 
332. 126242 - 225866 
333. 126242 - 228549 
334. 126242 - 229090 
335. 126242 - 233061 
336. 126242 - 234555 
337. 126242 - 236364 
338. 126242 - 237559 
339. 126242 - 237695 
340. 132335 - 213782 
341. 132335 - 217074 
342. 132335 - 217901 
343. 132335 - 223285 
344. 132335 - 225866 
345. 132335 - 228549 
346. 132335 - 229090 
347. 132335 - 233061 
348. 132335 - 234555 
349. 132335 - 236364 
350. 132335 - 237559 
351. 132335 - 237695 
352. 132335 - 251962 
353. 145514 - 225866 
354. 145514 - 228549 
355. 145514 - 229090 
356. 145514 - 233061 
357. 145514 - 234555 
358. 145514 - 236364 
359. 145514 - 237559 
360. 145514 - 237695 
361. 145514 - 251962 
362. 145514 - 253698 
363. 145514 - 255562 
364. 145514 - 258209 
365. 145514 - 260132 
366. 145514 - 263214 
367. 145514 - 263361 
368. 145649 - 225866 
369. 145649 - 228549 
370. 145649 - 229090 
371. 145649 - 233061 
372. 145649 - 234555 
373. 145649 - 236364 
374. 145649 - 237559 
375. 145649 - 237695 
376. 145649 - 251962 
377. 145649 - 253698 
378. 145649 - 255562 
379. 145649 - 258209 
380. 145649 - 260132 
381. 145649 - 263214 
382. 145649 - 263361 
383. 146062 - 228549 
384. 146062 - 229090 
385. 146062 - 233061 
386. 146062 - 234555 
387. 146062 - 236364 
388. 146062 - 237559 
389. 146062 - 237695 
390. 146062 - 251962 
391. 146062 - 253698 
392. 146062 - 255562 
393. 146062 - 258209 
394. 146062 - 260132 
395. 146062 - 263214 
396. 146062 - 263361 
397. 146797 - 228549 
398. 146797 - 229090 
399. 146797 - 233061 
400. 146797 - 234555 
401. 146797 - 236364 
402. 146797 - 237559 
403. 146797 - 237695 
404. 146797 - 251962 
405. 146797 - 253698 
406. 146797 - 255562 
407. 146797 - 258209 
408. 146797 - 260132 
409. 146797 - 263214 
410. 146797 - 263361 
411. 149569 - 233061 
412. 149569 - 234555 
413. 149569 - 236364 
414. 149569 - 237559 
415. 149569 - 237695 
416. 149569 - 251962 
417. 149569 - 253698 
418. 149569 - 255562 
419. 149569 - 258209 
420. 149569 - 260132 
421. 149569 - 263214 
422. 149569 - 263361 
423. 161219 - 251962 
424. 161219 - 253698 
425. 161219 - 255562 
426. 161219 - 258209 
427. 161219 - 260132 
428. 161219 - 263214 
429. 161219 - 263361 
430. 161219 - 270170 
431. 161219 - 270403 
432. 161219 - 272250 
433. 161219 - 278665 
434. 168277 - 251962 
435. 168277 - 253698 
436. 168277 - 255562 
437. 168277 - 258209 
438. 168277 - 260132 
439. 168277 - 263214 
440. 168277 - 263361 
441. 168277 - 270170 
442. 168277 - 270403 
443. 168277 - 272250 
444. 168277 - 278665 
445. 168277 - 281843 
446. 170812 - 251962 
447. 170812 - 253698 
448. 170812 - 255562 
449. 170812 - 258209 
450. 170812 - 260132 
451. 170812 - 263214 
452. 170812 - 263361 
453. 170812 - 270170 
454. 170812 - 270403 
455. 170812 - 272250 
456. 170812 - 278665 
457. 170812 - 281843 
458. 170812 - 289121 
459. 184294 - 270170 
460. 184294 - 270403 
461. 184294 - 272250 
462. 184294 - 278665 
463. 184294 - 281843 
464. 184294 - 289121 
465. 184294 - 302835 
466. 186822 - 270170 
467. 186822 - 270403 
468. 186822 - 272250 
469. 186822 - 278665 
470. 186822 - 281843 
471. 186822 - 289121 
472. 186822 - 302835 
473. 186822 - 306251 
474. 186931 - 270170 
475. 186931 - 270403 
476. 186931 - 272250 
477. 186931 - 278665 
478. 186931 - 281843 
479. 186931 - 289121 
480. 186931 - 302835 
481. 186931 - 306251 
482. 187018 - 270170 
483. 187018 - 270403 
484. 187018 - 272250 
485. 187018 - 278665 
486. 187018 - 281843 
487. 187018 - 289121 
488. 187018 - 302835 
489. 187018 - 306251 
490. 193917 - 278665 
491. 193917 - 281843 
492. 193917 - 289121 
493. 193917 - 302835 
494. 193917 - 306251 
495. 203355 - 289121 
496. 203355 - 302835 
497. 203355 - 306251 
498. 203355 - 314271 
499. 203355 - 316560 
500. 203355 - 318602 
501. 203355 - 320924 
502. 203355 - 322561 
503. 203355 - 322856 
504. 204661 - 289121 
505. 204661 - 302835 
506. 204661 - 306251 
507. 204661 - 314271 
508. 204661 - 316560 
509. 204661 - 318602 
510. 204661 - 320924 
511. 204661 - 322561 
512. 204661 - 322856 
513. 204661 - 323389 
514. 205388 - 289121 
515. 205388 - 302835 
516. 205388 - 306251 
517. 205388 - 314271 
518. 205388 - 316560 
519. 205388 - 318602 
520. 205388 - 320924 
521. 205388 - 322561 
522. 205388 - 322856 
523. 205388 - 323389 
524. 205734 - 289121 
525. 205734 - 302835 
526. 205734 - 306251 
527. 205734 - 314271 
528. 205734 - 316560 
529. 205734 - 318602 
530. 205734 - 320924 
531. 205734 - 322561 
532. 205734 - 322856 
533. 205734 - 323389 
534. 213782 - 302835 
535. 213782 - 306251 
536. 213782 - 314271 
537. 213782 - 316560 
538. 213782 - 318602 
539. 213782 - 320924 
540. 213782 - 322561 
541. 213782 - 322856 
542. 213782 - 323389 
543. 213782 - 326589 
544. 213782 - 331736 
545. 213782 - 332409 
546. 217074 - 302835 
547. 217074 - 306251 
548. 217074 - 314271 
549. 217074 - 316560 
550. 217074 - 318602 
551. 217074 - 320924 
552. 217074 - 322561 
553. 217074 - 322856 
554. 217074 - 323389 
555. 217074 - 326589 
556. 217074 - 331736 
557. 217074 - 332409 
558. 217074 - 337055 
559. 217901 - 302835 
560. 217901 - 306251 
561. 217901 - 314271 
562. 217901 - 316560 
563. 217901 - 318602 
564. 217901 - 320924 
565. 217901 - 322561 
566. 217901 - 322856 
567. 217901 - 323389 
568. 217901 - 326589 
569. 217901 - 331736 
570. 217901 - 332409 
571. 217901 - 337055 
572. 223285 - 306251 
573. 223285 - 314271 
574. 223285 - 316560 
575. 223285 - 318602 
576. 223285 - 320924 
577. 223285 - 322561 
578. 223285 - 322856 
579. 223285 - 323389 
580. 223285 - 326589 
581. 223285 - 331736 
582. 223285 - 332409 
583. 223285 - 337055 
584. 223285 - 338879 
585. 223285 - 339625 
586. 225866 - 306251 
587. 225866 - 314271 
588. 225866 - 316560 
589. 225866 - 318602 
590. 225866 - 320924 
591. 225866 - 322561 
592. 225866 - 322856 
593. 225866 - 323389 
594. 225866 - 326589 
595. 225866 - 331736 
596. 225866 - 332409 
597. 225866 - 337055 
598. 225866 - 338879 
599. 225866 - 339625 
600. 228549 - 314271 
601. 228549 - 316560 
602. 228549 - 318602 
603. 228549 - 320924 
604. 228549 - 322561 
605. 228549 - 322856 
606. 228549 - 323389 
607. 228549 - 326589 
608. 228549 - 331736 
609. 228549 - 332409 
610. 228549 - 337055 
611. 228549 - 338879 
612. 228549 - 339625 
613. 228549 - 346362 
614. 229090 - 314271 
615. 229090 - 316560 
616. 229090 - 318602 
617. 229090 - 320924 
618. 229090 - 322561 
619. 229090 - 322856 
620. 229090 - 323389 
621. 229090 - 326589 
622. 229090 - 331736 
623. 229090 - 332409 
624. 229090 - 337055 
625. 229090 - 338879 
626. 229090 - 339625 
627. 229090 - 346362 
628. 233061 - 314271 
629. 233061 - 316560 
630. 233061 - 318602 
631. 233061 - 320924 
632. 233061 - 322561 
633. 233061 - 322856 
634. 233061 - 323389 
635. 233061 - 326589 
636. 233061 - 331736 
637. 233061 - 332409 
638. 233061 - 337055 
639. 233061 - 338879 
640. 233061 - 339625 
641. 233061 - 346362 
642. 233061 - 350926 
643. 233061 - 352204 
644. 234555 - 316560 
645. 234555 - 318602 
646. 234555 - 320924 
647. 234555 - 322561 
648. 234555 - 322856 
649. 234555 - 323389 
650. 234555 - 326589 
651. 234555 - 331736 
652. 234555 - 332409 
653. 234555 - 337055 
654. 234555 - 338879 
655. 234555 - 339625 
656. 234555 - 346362 
657. 234555 - 350926 
658. 234555 - 352204 
659. 236364 - 316560 
660. 236364 - 318602 
661. 236364 - 320924 
662. 236364 - 322561 
663. 236364 - 322856 
664. 236364 - 323389 
665. 236364 - 326589 
666. 236364 - 331736 
667. 236364 - 332409 
668. 236364 - 337055 
669. 236364 - 338879 
670. 236364 - 339625 
671. 236364 - 346362 
672. 236364 - 350926 
673. 236364 - 352204 
674. 237559 - 318602 
675. 237559 - 320924 
676. 237559 - 322561 
677. 237559 - 322856 
678. 237559 - 323389 
679. 237559 - 326589 
680. 237559 - 331736 
681. 237559 - 332409 
682. 237559 - 337055 
683. 237559 - 338879 
684. 237559 - 339625 
685. 237559 - 346362 
686. 237559 - 350926 
687. 237559 - 352204 
688. 237559 - 357140 
689. 237695 - 318602 
690. 237695 - 320924 
691. 237695 - 322561 
692. 237695 - 322856 
693. 237695 - 323389 
694. 237695 - 326589 
695. 237695 - 331736 
696. 237695 - 332409 
697. 237695 - 337055 
698. 237695 - 338879 
699. 237695 - 339625 
700. 237695 - 346362 
701. 237695 - 350926 
702. 237695 - 352204 
703. 237695 - 357140 
704. 251962 - 332409 
705. 251962 - 337055 
706. 251962 - 338879 
707. 251962 - 339625 
708. 251962 - 346362 
709. 251962 - 350926 
710. 251962 - 352204 
711. 251962 - 357140 
712. 251962 - 364638 
713. 251962 - 367017 
714. 251962 - 369454 
715. 251962 - 369523 
716. 253698 - 337055 
717. 253698 - 338879 
718. 253698 - 339625 
719. 253698 - 346362 
720. 253698 - 350926 
721. 253698 - 352204 
722. 253698 - 357140 
723. 253698 - 364638 
724. 253698 - 367017 
725. 253698 - 369454 
726. 253698 - 369523 
727. 255562 - 337055 
728. 255562 - 338879 
729. 255562 - 339625 
730. 255562 - 346362 
731. 255562 - 350926 
732. 255562 - 352204 
733. 255562 - 357140 
734. 255562 - 364638 
735. 255562 - 367017 
736. 255562 - 369454 
737. 255562 - 369523 
738. 255562 - 375228 
739. 258209 - 338879 
740. 258209 - 339625 
741. 258209 - 346362 
742. 258209 - 350926 
743. 258209 - 352204 
744. 258209 - 357140 
745. 258209 - 364638 
746. 258209 - 367017 
747. 258209 - 369454 
748. 258209 - 369523 
749. 258209 - 375228 
750. 258209 - 378009 
751. 260132 - 346362 
752. 260132 - 350926 
753. 260132 - 352204 
754. 260132 - 357140 
755. 260132 - 364638 
756. 260132 - 367017 
757. 260132 - 369454 
758. 260132 - 369523 
759. 260132 - 375228 
760. 260132 - 378009 
761. 263214 - 346362 
762. 263214 - 350926 
763. 263214 - 352204 
764. 263214 - 357140 
765. 263214 - 364638 
766. 263214 - 367017 
767. 263214 - 369454 
768. 263214 - 369523 
769. 263214 - 375228 
770. 263214 - 378009 
771. 263214 - 381096 
772. 263361 - 346362 
773. 263361 - 350926 
774. 263361 - 352204 
775. 263361 - 357140 
776. 263361 - 364638 
777. 263361 - 367017 
778. 263361 - 369454 
779. 263361 - 369523 
780. 263361 - 375228 
781. 263361 - 378009 
782. 263361 - 381096 
783. 270170 - 350926 
784. 270170 - 352204 
785. 270170 - 357140 
786. 270170 - 364638 
787. 270170 - 367017 
788. 270170 - 369454 
789. 270170 - 369523 
790. 270170 - 375228 
791. 270170 - 378009 
792. 270170 - 381096 
793. 270170 - 386740 
794. 270170 - 388854 
795. 270170 - 389128 
796. 270403 - 350926 
797. 270403 - 352204 
798. 270403 - 357140 
799. 270403 - 364638 
800. 270403 - 367017 
801. 270403 - 369454 
802. 270403 - 369523 
803. 270403 - 375228 
804. 270403 - 378009 
805. 270403 - 381096 
806. 270403 - 386740 
807. 270403 - 388854 
808. 270403 - 389128 
809. 272250 - 357140 
810. 272250 - 364638 
811. 272250 - 367017 
812. 272250 - 369454 
813. 272250 - 369523 
814. 272250 - 375228 
815. 272250 - 378009 
816. 272250 - 381096 
817. 272250 - 386740 
818. 272250 - 388854 
819. 272250 - 389128 
820. 278665 - 364638 
821. 278665 - 367017 
822. 278665 - 369454 
823. 278665 - 369523 
824. 278665 - 375228 
825. 278665 - 378009 
826. 278665 - 381096 
827. 278665 - 386740 
828. 278665 - 388854 
829. 278665 - 389128 
830. 278665 - 392781 
831. 278665 - 392933 
832. 278665 - 396974 
833. 281843 - 364638 
834. 281843 - 367017 
835. 281843 - 369454 
836. 281843 - 369523 
837. 281843 - 375228 
838. 281843 - 378009 
839. 281843 - 381096 
840. 281843 - 386740 
841. 281843 - 388854 
842. 281843 - 389128 
843. 281843 - 392781 
844. 281843 - 392933 
845. 281843 - 396974 
846. 289121 - 369454 
847. 289121 - 369523 
848. 289121 - 375228 
849. 289121 - 378009 
850. 289121 - 381096 
851. 289121 - 386740 
852. 289121 - 388854 
853. 289121 - 389128 
854. 289121 - 392781 
855. 289121 - 392933 
856. 289121 - 396974 
857. 302835 - 386740 
858. 302835 - 388854 
859. 302835 - 389128 
860. 302835 - 392781 
861. 302835 - 392933 
862. 302835 - 396974 
863. 302835 - 419853 
864. 306251 - 386740 
865. 306251 - 388854 
866. 306251 - 389128 
867. 306251 - 392781 
868. 306251 - 392933 
869. 306251 - 396974 
870. 306251 - 419853 
871. 314271 - 396974 
872. 314271 - 419853 
873. 314271 - 429161 
874. 314271 - 429621 
875. 314271 - 432399 
876. 316560 - 396974 
877. 316560 - 419853 
878. 316560 - 429161 
879. 316560 - 429621 
880. 316560 - 432399 
881. 318602 - 419853 
882. 318602 - 429161 
883. 318602 - 429621 
884. 318602 - 432399 
885. 320924 - 419853 
886. 320924 - 429161 
887. 320924 - 429621 
888. 320924 - 432399 
889. 322561 - 419853 
890. 322561 - 429161 
891. 322561 - 429621 
892. 322561 - 432399 
893. 322561 - 441516 
894. 322856 - 419853 
895. 322856 - 429161 
896. 322856 - 429621 
897. 322856 - 432399 
898. 322856 - 441516 
899. 323389 - 419853 
900. 323389 - 429161 
901. 323389 - 429621 
902. 323389 - 432399 
903. 323389 - 441516 
904. 326589 - 419853 
905. 326589 - 429161 
906. 326589 - 429621 
907. 326589 - 432399 
908. 326589 - 441516 
909. 331736 - 419853 
910. 331736 - 429161 
911. 331736 - 429621 
912. 331736 - 432399 
913. 331736 - 441516 
914. 331736 - 447175 
915. 331736 - 447345 
916. 332409 - 419853 
917. 332409 - 429161 
918. 332409 - 429621 
919. 332409 - 432399 
920. 332409 - 441516 
921. 332409 - 447175 
922. 332409 - 447345 
923. 337055 - 419853 
924. 337055 - 429161 
925. 337055 - 429621 
926. 337055 - 432399 
927. 337055 - 441516 
928. 337055 - 447175 
929. 337055 - 447345 
930. 337055 - 452762 
931. 337055 - 454399 
932. 337055 - 454680 
933. 338879 - 419853 
934. 338879 - 429161 
935. 338879 - 429621 
936. 338879 - 432399 
937. 338879 - 441516 
938. 338879 - 447175 
939. 338879 - 447345 
940. 338879 - 452762 
941. 338879 - 454399 
942. 338879 - 454680 
943. 338879 - 458168 
944. 338879 - 458518 
945. 339625 - 419853 
946. 339625 - 429161 
947. 339625 - 429621 
948. 339625 - 432399 
949. 339625 - 441516 
950. 339625 - 447175 
951. 339625 - 447345 
952. 339625 - 452762 
953. 339625 - 454399 
954. 339625 - 454680 
955. 339625 - 458168 
956. 339625 - 458518 
957. 346362 - 429161 
958. 346362 - 429621 
959. 346362 - 432399 
960. 346362 - 441516 
961. 346362 - 447175 
962. 346362 - 447345 
963. 346362 - 452762 
964. 346362 - 454399 
965. 346362 - 454680 
966. 346362 - 458168 
967. 346362 - 458518 
968. 346362 - 465957 
969. 350926 - 432399 
970. 350926 - 441516 
971. 350926 - 447175 
972. 350926 - 447345 
973. 350926 - 452762 
974. 350926 - 454399 
975. 350926 - 454680 
976. 350926 - 458168 
977. 350926 - 458518 
978. 350926 - 465957 
979. 352204 - 432399 
980. 352204 - 441516 
981. 352204 - 447175 
982. 352204 - 447345 
983. 352204 - 452762 
984. 352204 - 454399 
985. 352204 - 454680 
986. 352204 - 458168 
987. 352204 - 458518 
988. 352204 - 465957 
989. 357140 - 441516 
990. 357140 - 447175 
991. 357140 - 447345 
992. 357140 - 452762 
993. 357140 - 454399 
994. 357140 - 454680 
995. 357140 - 458168 
996. 357140 - 458518 
997. 357140 - 465957 
998. 364638 - 447175 
999. 364638 - 447345 
1000. 364638 - 452762 
1001. 364638 - 454399 
1002. 364638 - 454680 
1003. 364638 - 458168 
1004. 364638 - 458518 
1005. 364638 - 465957 
1006. 364638 - 477224 
1007. 364638 - 478463 
1008. 367017 - 447175 
1009. 367017 - 447345 
1010. 367017 - 452762 
1011. 367017 - 454399 
1012. 367017 - 454680 
1013. 367017 - 458168 
1014. 367017 - 458518 
1015. 367017 - 465957 
1016. 367017 - 477224 
1017. 367017 - 478463 
1018. 369454 - 452762 
1019. 369454 - 454399 
1020. 369454 - 454680 
1021. 369454 - 458168 
1022. 369454 - 458518 
1023. 369454 - 465957 
1024. 369454 - 477224 
1025. 369454 - 478463 
1026. 369523 - 452762 
1027. 369523 - 454399 
1028. 369523 - 454680 
1029. 369523 - 458168 
1030. 369523 - 458518 
1031. 369523 - 465957 
1032. 369523 - 477224 
1033. 369523 - 478463 
1034. 375228 - 458168 
1035. 375228 - 458518 
1036. 375228 - 465957 
1037. 375228 - 477224 
1038. 375228 - 478463 
1039. 375228 - 495152 
1040. 378009 - 458168 
1041. 378009 - 458518 
1042. 378009 - 465957 
1043. 378009 - 477224 
1044. 378009 - 478463 
1045. 378009 - 495152 
1046. 381096 - 465957 
1047. 381096 - 477224 
1048. 381096 - 478463 
1049. 381096 - 495152 
1050. 381096 - 499293 
1051. 386740 - 477224 
1052. 386740 - 478463 
1053. 386740 - 495152 
1054. 386740 - 499293 
1055. 386740 - 506701 
1056. 388854 - 477224 
1057. 388854 - 478463 
1058. 388854 - 495152 
1059. 388854 - 499293 
1060. 388854 - 506701 
1061. 389128 - 477224 
1062. 389128 - 478463 
1063. 389128 - 495152 
1064. 389128 - 499293 
1065. 389128 - 506701 
1066. 392781 - 477224 
1067. 392781 - 478463 
1068. 392781 - 495152 
1069. 392781 - 499293 
1070. 392781 - 506701 
1071. 392781 - 510005 
1072. 392933 - 477224 
1073. 392933 - 478463 
1074. 392933 - 495152 
1075. 392933 - 499293 
1076. 392933 - 506701 
1077. 392933 - 510005 
1078. 396974 - 477224 
1079. 396974 - 478463 
1080. 396974 - 495152 
1081. 396974 - 499293 
1082. 396974 - 506701 
1083. 396974 - 510005 
1084. 396974 - 515899 
1085. 396974 - 516682 
1086. 419853 - 506701 
1087. 419853 - 510005 
1088. 419853 - 515899 
1089. 419853 - 516682 
1090. 419853 - 518158 
1091. 419853 - 518908 
1092. 419853 - 519950 
1093. 419853 - 537016 
1094. 419853 - 537487 
1095. 429161 - 510005 
1096. 429161 - 515899 
1097. 429161 - 516682 
1098. 429161 - 518158 
1099. 429161 - 518908 
1100. 429161 - 519950 
1101. 429161 - 537016 
1102. 429161 - 537487 
1103. 429161 - 540857 
1104. 429161 - 544766 
1105. 429161 - 546805 
1106. 429621 - 510005 
1107. 429621 - 515899 
1108. 429621 - 516682 
1109. 429621 - 518158 
1110. 429621 - 518908 
1111. 429621 - 519950 
1112. 429621 - 537016 
1113. 429621 - 537487 
1114. 429621 - 540857 
1115. 429621 - 544766 
1116. 429621 - 546805 
1117. 432399 - 515899 
1118. 432399 - 516682 
1119. 432399 - 518158 
1120. 432399 - 518908 
1121. 432399 - 519950 
1122. 432399 - 537016 
1123. 432399 - 537487 
1124. 432399 - 540857 
1125. 432399 - 544766 
1126. 432399 - 546805 
1127. 441516 - 537016 
1128. 441516 - 537487 
1129. 441516 - 540857 
1130. 441516 - 544766 
1131. 441516 - 546805 
1132. 441516 - 557948 
1133. 441516 - 560032 
1134. 447175 - 537016 
1135. 447175 - 537487 
1136. 447175 - 540857 
1137. 447175 - 544766 
1138. 447175 - 546805 
1139. 447175 - 557948 
1140. 447175 - 560032 
1141. 447345 - 537016 
1142. 447345 - 537487 
1143. 447345 - 540857 
1144. 447345 - 544766 
1145. 447345 - 546805 
1146. 447345 - 557948 
1147. 447345 - 560032 
1148. 452762 - 537016 
1149. 452762 - 537487 
1150. 452762 - 540857 
1151. 452762 - 544766 
1152. 452762 - 546805 
1153. 452762 - 557948 
1154. 452762 - 560032 
1155. 454399 - 537016 
1156. 454399 - 537487 
1157. 454399 - 540857 
1158. 454399 - 544766 
1159. 454399 - 546805 
1160. 454399 - 557948 
1161. 454399 - 560032 
1162. 454680 - 537016 
1163. 454680 - 537487 
1164. 454680 - 540857 
1165. 454680 - 544766 
1166. 454680 - 546805 
1167. 454680 - 557948 
1168. 454680 - 560032 
1169. 454680 - 574403 
1170. 458168 - 540857 
1171. 458168 - 544766 
1172. 458168 - 546805 
1173. 458168 - 557948 
1174. 458168 - 560032 
1175. 458168 - 574403 
1176. 458168 - 576928 
1177. 458518 - 540857 
1178. 458518 - 544766 
1179. 458518 - 546805 
1180. 458518 - 557948 
1181. 458518 - 560032 
1182. 458518 - 574403 
1183. 458518 - 576928 
1184. 465957 - 546805 
1185. 465957 - 557948 
1186. 465957 - 560032 
1187. 465957 - 574403 
1188. 465957 - 576928 
1189. 465957 - 581988 
1190. 465957 - 582771 
1191. 477224 - 557948 
1192. 477224 - 560032 
1193. 477224 - 574403 
1194. 477224 - 576928 
1195. 477224 - 581988 
1196. 477224 - 582771 
1197. 477224 - 586774 
1198. 477224 - 588553 
1199. 478463 - 560032 
1200. 478463 - 574403 
1201. 478463 - 576928 
1202. 478463 - 581988 
1203. 478463 - 582771 
1204. 478463 - 586774 
1205. 478463 - 588553 
1206. 495152 - 576928 
1207. 495152 - 581988 
1208. 495152 - 582771 
1209. 495152 - 586774 
1210. 495152 - 588553 
1211. 495152 - 598858 
1212. 495152 - 599236 
1213. 495152 - 604395 
1214. 495152 - 613554 
1215. 495152 - 615126 
1216. 499293 - 581988 
1217. 499293 - 582771 
1218. 499293 - 586774 
1219. 499293 - 588553 
1220. 499293 - 598858 
1221. 499293 - 599236 
1222. 499293 - 604395 
1223. 499293 - 613554 
1224. 499293 - 615126 
1225. 506701 - 586774 
1226. 506701 - 588553 
1227. 506701 - 598858 
1228. 506701 - 599236 
1229. 506701 - 604395 
1230. 506701 - 613554 
1231. 506701 - 615126 
1232. 510005 - 598858 
1233. 510005 - 599236 
1234. 510005 - 604395 
1235. 510005 - 613554 
1236. 510005 - 615126 
1237. 510005 - 627754 
1238. 510005 - 628693 
1239. 515899 - 598858 
1240. 515899 - 599236 
1241. 515899 - 604395 
1242. 515899 - 613554 
1243. 515899 - 615126 
1244. 515899 - 627754 
1245. 515899 - 628693 
1246. 515899 - 634264 
1247. 516682 - 598858 
1248. 516682 - 599236 
1249. 516682 - 604395 
1250. 516682 - 613554 
1251. 516682 - 615126 
1252. 516682 - 627754 
1253. 516682 - 628693 
1254. 516682 - 634264 
1255. 518158 - 598858 
1256. 518158 - 599236 
1257. 518158 - 604395 
1258. 518158 - 613554 
1259. 518158 - 615126 
1260. 518158 - 627754 
1261. 518158 - 628693 
1262. 518158 - 634264 
1263. 518908 - 599236 
1264. 518908 - 604395 
1265. 518908 - 613554 
1266. 518908 - 615126 
1267. 518908 - 627754 
1268. 518908 - 628693 
1269. 518908 - 634264 
1270. 519950 - 604395 
1271. 519950 - 613554 
1272. 519950 - 615126 
1273. 519950 - 627754 
1274. 519950 - 628693 
1275. 519950 - 634264 
1276. 537016 - 627754 
1277. 537016 - 628693 
1278. 537016 - 634264 
1279. 537016 - 639962 
1280. 537016 - 651402 
1281. 537487 - 627754 
1282. 537487 - 628693 
1283. 537487 - 634264 
1284. 537487 - 639962 
1285. 537487 - 651402 
1286. 540857 - 627754 
1287. 540857 - 628693 
1288. 540857 - 634264 
1289. 540857 - 639962 
1290. 540857 - 651402 
1291. 540857 - 657816 
1292. 544766 - 627754 
1293. 544766 - 628693 
1294. 544766 - 634264 
1295. 544766 - 639962 
1296. 544766 - 651402 
1297. 544766 - 657816 
1298. 544766 - 663534 
1299. 546805 - 627754 
1300. 546805 - 628693 
1301. 546805 - 634264 
1302. 546805 - 639962 
1303. 546805 - 651402 
1304. 546805 - 657816 
1305. 546805 - 663534 
1306. 557948 - 639962 
1307. 557948 - 651402 
1308. 557948 - 657816 
1309. 557948 - 663534 
1310. 557948 - 674157 
1311. 560032 - 651402 
1312. 560032 - 657816 
1313. 560032 - 663534 
1314. 560032 - 674157 
1315. 574403 - 657816 
1316. 574403 - 663534 
1317. 574403 - 674157 
1318. 574403 - 680473 
1319. 574403 - 683181 
1320. 574403 - 687879 
1321. 576928 - 657816 
1322. 576928 - 663534 
1323. 576928 - 674157 
1324. 576928 - 680473 
1325. 576928 - 683181 
1326. 576928 - 687879 
1327. 581988 - 663534 
1328. 581988 - 674157 
1329. 581988 - 680473 
1330. 581988 - 683181 
1331. 581988 - 687879 
1332. 581988 - 697489 
1333. 581988 - 698322 
1334. 581988 - 699558 
1335. 581988 - 701013 
1336. 581988 - 701387 
1337. 582771 - 663534 
1338. 582771 - 674157 
1339. 582771 - 680473 
1340. 582771 - 683181 
1341. 582771 - 687879 
1342. 582771 - 697489 
1343. 582771 - 698322 
1344. 582771 - 699558 
1345. 582771 - 701013 
1346. 582771 - 701387 
1347. 586774 - 674157 
1348. 586774 - 680473 
1349. 586774 - 683181 
1350. 586774 - 687879 
1351. 586774 - 697489 
1352. 586774 - 698322 
1353. 586774 - 699558 
1354. 586774 - 701013 
1355. 586774 - 701387 
1356. 586774 - 705039 
1357. 586774 - 705114 
1358. 588553 - 674157 
1359. 588553 - 680473 
1360. 588553 - 683181 
1361. 588553 - 687879 
1362. 588553 - 697489 
1363. 588553 - 698322 
1364. 588553 - 699558 
1365. 588553 - 701013 
1366. 588553 - 701387 
1367. 588553 - 705039 
1368. 588553 - 705114 
1369. 598858 - 680473 
1370. 598858 - 683181 
1371. 598858 - 687879 
1372. 598858 - 697489 
1373. 598858 - 698322 
1374. 598858 - 699558 
1375. 598858 - 701013 
1376. 598858 - 701387 
1377. 598858 - 705039 
1378. 598858 - 705114 
1379. 598858 - 713850 
1380. 598858 - 716271 
1381. 599236 - 680473 
1382. 599236 - 683181 
1383. 599236 - 687879 
1384. 599236 - 697489 
1385. 599236 - 698322 
1386. 599236 - 699558 
1387. 599236 - 701013 
1388. 599236 - 701387 
1389. 599236 - 705039 
1390. 599236 - 705114 
1391. 599236 - 713850 
1392. 599236 - 716271 
1393. 604395 - 687879 
1394. 604395 - 697489 
1395. 604395 - 698322 
1396. 604395 - 699558 
1397. 604395 - 701013 
1398. 604395 - 701387 
1399. 604395 - 705039 
1400. 604395 - 705114 
1401. 604395 - 713850 
1402. 604395 - 716271 
1403. 604395 - 723170 
1404. 613554 - 697489 
1405. 613554 - 698322 
1406. 613554 - 699558 
1407. 613554 - 701013 
1408. 613554 - 701387 
1409. 613554 - 705039 
1410. 613554 - 705114 
1411. 613554 - 713850 
1412. 613554 - 716271 
1413. 613554 - 723170 
1414. 613554 - 729008 
1415. 615126 - 697489 
1416. 615126 - 698322 
1417. 615126 - 699558 
1418. 615126 - 701013 
1419. 615126 - 701387 
1420. 615126 - 705039 
1421. 615126 - 705114 
1422. 615126 - 713850 
1423. 615126 - 716271 
1424. 615126 - 723170 
1425. 615126 - 729008 
1426. 615126 - 734226 
1427. 627754 - 713850 
1428. 627754 - 716271 
1429. 627754 - 723170 
1430. 627754 - 729008 
1431. 627754 - 734226 
1432. 627754 - 736108 
1433. 627754 - 741153 
1434. 628693 - 713850 
1435. 628693 - 716271 
1436. 628693 - 723170 
1437. 628693 - 729008 
1438. 628693 - 734226 
1439. 628693 - 736108 
1440. 628693 - 741153 
1441. 634264 - 716271 
1442. 634264 - 723170 
1443. 634264 - 729008 
1444. 634264 - 734226 
1445. 634264 - 736108 
1446. 634264 - 741153 
1447. 639962 - 723170 
1448. 639962 - 729008 
1449. 639962 - 734226 
1450. 639962 - 736108 
1451. 639962 - 741153 
1452. 651402 - 734226 
1453. 651402 - 736108 
1454. 651402 - 741153 
1455. 657816 - 741153 
1456. 663534 - 781104 
1457. 663534 - 781261 
1458. 674157 - 781104 
1459. 674157 - 781261 
1460. 674157 - 785916 
1461. 674157 - 787159 
1462. 680473 - 781104 
1463. 680473 - 781261 
1464. 680473 - 785916 
1465. 680473 - 787159 
1466. 680473 - 795773 
1467. 680473 - 799298 
1468. 683181 - 781104 
1469. 683181 - 781261 
1470. 683181 - 785916 
1471. 683181 - 787159 
1472. 683181 - 795773 
1473. 683181 - 799298 
1474. 687879 - 781104 
1475. 687879 - 781261 
1476. 687879 - 785916 
1477. 687879 - 787159 
1478. 687879 - 795773 
1479. 687879 - 799298 
1480. 687879 - 805078 
1481. 697489 - 781104 
1482. 697489 - 781261 
1483. 697489 - 785916 
1484. 697489 - 787159 
1485. 697489 - 795773 
1486. 697489 - 799298 
1487. 697489 - 805078 
1488. 697489 - 808570 
1489. 697489 - 810297 
1490. 697489 - 810433 
1491. 697489 - 811338 
1492. 697489 - 815049 
1493. 697489 - 816718 
1494. 698322 - 781104 
1495. 698322 - 781261 
1496. 698322 - 785916 
1497. 698322 - 787159 
1498. 698322 - 795773 
1499. 698322 - 799298 
1500. 698322 - 805078 
1501. 698322 - 808570 
1502. 698322 - 810297 
1503. 698322 - 810433 
1504. 698322 - 811338 
1505. 698322 - 815049 
1506. 698322 - 816718 
1507. 698322 - 817931 
1508. 699558 - 781104 
1509. 699558 - 781261 
1510. 699558 - 785916 
1511. 699558 - 787159 
1512. 699558 - 795773 
1513. 699558 - 799298 
1514. 699558 - 805078 
1515. 699558 - 808570 
1516. 699558 - 810297 
1517. 699558 - 810433 
1518. 699558 - 811338 
1519. 699558 - 815049 
1520. 699558 - 816718 
1521. 699558 - 817931 
1522. 699558 - 818826 
1523. 701013 - 781104 
1524. 701013 - 781261 
1525. 701013 - 785916 
1526. 701013 - 787159 
1527. 701013 - 795773 
1528. 701013 - 799298 
1529. 701013 - 805078 
1530. 701013 - 808570 
1531. 701013 - 810297 
1532. 701013 - 810433 
1533. 701013 - 811338 
1534. 701013 - 815049 
1535. 701013 - 816718 
1536. 701013 - 817931 
1537. 701013 - 818826 
1538. 701387 - 785916 
1539. 701387 - 787159 
1540. 701387 - 795773 
1541. 701387 - 799298 
1542. 701387 - 805078 
1543. 701387 - 808570 
1544. 701387 - 810297 
1545. 701387 - 810433 
1546. 701387 - 811338 
1547. 701387 - 815049 
1548. 701387 - 816718 
1549. 701387 - 817931 
1550. 701387 - 818826 
1551. 705039 - 785916 
1552. 705039 - 787159 
1553. 705039 - 795773 
1554. 705039 - 799298 
1555. 705039 - 805078 
1556. 705039 - 808570 
1557. 705039 - 810297 
1558. 705039 - 810433 
1559. 705039 - 811338 
1560. 705039 - 815049 
1561. 705039 - 816718 
1562. 705039 - 817931 
1563. 705039 - 818826 
1564. 705114 - 785916 
1565. 705114 - 787159 
1566. 705114 - 795773 
1567. 705114 - 799298 
1568. 705114 - 805078 
1569. 705114 - 808570 
1570. 705114 - 810297 
1571. 705114 - 810433 
1572. 705114 - 811338 
1573. 705114 - 815049 
1574. 705114 - 816718 
1575. 705114 - 817931 
1576. 705114 - 818826 
1577. 713850 - 795773 
1578. 713850 - 799298 
1579. 713850 - 805078 
1580. 713850 - 808570 
1581. 713850 - 810297 
1582. 713850 - 810433 
1583. 713850 - 811338 
1584. 713850 - 815049 
1585. 713850 - 816718 
1586. 713850 - 817931 
1587. 713850 - 818826 
1588. 713850 - 825751 
1589. 713850 - 825834 
1590. 713850 - 826313 
1591. 713850 - 827595 
1592. 713850 - 829775 
1593. 713850 - 833188 
1594. 716271 - 799298 
1595. 716271 - 805078 
1596. 716271 - 808570 
1597. 716271 - 810297 
1598. 716271 - 810433 
1599. 716271 - 811338 
1600. 716271 - 815049 
1601. 716271 - 816718 
1602. 716271 - 817931 
1603. 716271 - 818826 
1604. 716271 - 825751 
1605. 716271 - 825834 
1606. 716271 - 826313 
1607. 716271 - 827595 
1608. 716271 - 829775 
1609. 716271 - 833188 
1610. 723170 - 805078 
1611. 723170 - 808570 
1612. 723170 - 810297 
1613. 723170 - 810433 
1614. 723170 - 811338 
1615. 723170 - 815049 
1616. 723170 - 816718 
1617. 723170 - 817931 
1618. 723170 - 818826 
1619. 723170 - 825751 
1620. 723170 - 825834 
1621. 723170 - 826313 
1622. 723170 - 827595 
1623. 723170 - 829775 
1624. 723170 - 833188 
1625. 723170 - 839925 
1626. 729008 - 810297 
1627. 729008 - 810433 
1628. 729008 - 811338 
1629. 729008 - 815049 
1630. 729008 - 816718 
1631. 729008 - 817931 
1632. 729008 - 818826 
1633. 729008 - 825751 
1634. 729008 - 825834 
1635. 729008 - 826313 
1636. 729008 - 827595 
1637. 729008 - 829775 
1638. 729008 - 833188 
1639. 729008 - 839925 
1640. 734226 - 815049 
1641. 734226 - 816718 
1642. 734226 - 817931 
1643. 734226 - 818826 
1644. 734226 - 825751 
1645. 734226 - 825834 
1646. 734226 - 826313 
1647. 734226 - 827595 
1648. 734226 - 829775 
1649. 734226 - 833188 
1650. 734226 - 839925 
1651. 734226 - 851690 
1652. 734226 - 854119 
1653. 736108 - 816718 
1654. 736108 - 817931 
1655. 736108 - 818826 
1656. 736108 - 825751 
1657. 736108 - 825834 
1658. 736108 - 826313 
1659. 736108 - 827595 
1660. 736108 - 829775 
1661. 736108 - 833188 
1662. 736108 - 839925 
1663. 736108 - 851690 
1664. 736108 - 854119 
1665. 741153 - 825751 
1666. 741153 - 825834 
1667. 741153 - 826313 
1668. 741153 - 827595 
1669. 741153 - 829775 
1670. 741153 - 833188 
1671. 741153 - 839925 
1672. 741153 - 851690 
1673. 741153 - 854119 
1674. 781104 - 862604 
1675. 781104 - 862934 
1676. 781104 - 863393 
1677. 781104 - 865299 
1678. 781104 - 872924 
1679. 781104 - 876454 
1680. 781104 - 895470 
1681. 781104 - 900900 
1682. 781261 - 862604 
1683. 781261 - 862934 
1684. 781261 - 863393 
1685. 781261 - 865299 
1686. 781261 - 872924 
1687. 781261 - 876454 
1688. 781261 - 895470 
1689. 781261 - 900900 
1690. 785916 - 872924 
1691. 785916 - 876454 
1692. 785916 - 895470 
1693. 785916 - 900900 
1694. 787159 - 872924 
1695. 787159 - 876454 
1696. 787159 - 895470 
1697. 787159 - 900900 
1698. 795773 - 876454 
1699. 795773 - 895470 
1700. 795773 - 900900 
1701. 795773 - 915010 
1702. 799298 - 895470 
1703. 799298 - 900900 
1704. 799298 - 915010 
1705. 799298 - 916738 
1706. 805078 - 895470 
1707. 805078 - 900900 
1708. 805078 - 915010 
1709. 805078 - 916738 
1710. 805078 - 922721 
1711. 808570 - 895470 
1712. 808570 - 900900 
1713. 808570 - 915010 
1714. 808570 - 916738 
1715. 808570 - 922721 
1716. 808570 - 927317 
1717. 810297 - 895470 
1718. 810297 - 900900 
1719. 810297 - 915010 
1720. 810297 - 916738 
1721. 810297 - 922721 
1722. 810297 - 927317 
1723. 810433 - 895470 
1724. 810433 - 900900 
1725. 810433 - 915010 
1726. 810433 - 916738 
1727. 810433 - 922721 
1728. 810433 - 927317 
1729. 811338 - 895470 
1730. 811338 - 900900 
1731. 811338 - 915010 
1732. 811338 - 916738 
1733. 811338 - 922721 
1734. 811338 - 927317 
1735. 815049 - 895470 
1736. 815049 - 900900 
1737. 815049 - 915010 
1738. 815049 - 916738 
1739. 815049 - 922721 
1740. 815049 - 927317 
1741. 815049 - 933884 
1742. 816718 - 900900 
1743. 816718 - 915010 
1744. 816718 - 916738 
1745. 816718 - 922721 
1746. 816718 - 927317 
1747. 816718 - 933884 
1748. 817931 - 900900 
1749. 817931 - 915010 
1750. 817931 - 916738 
1751. 817931 - 922721 
1752. 817931 - 927317 
1753. 817931 - 933884 
1754. 817931 - 936969 
1755. 817931 - 937312 
1756. 818826 - 900900 
1757. 818826 - 915010 
1758. 818826 - 916738 
1759. 818826 - 922721 
1760. 818826 - 927317 
1761. 818826 - 933884 
1762. 818826 - 936969 
1763. 818826 - 937312 
1764. 818826 - 938256 
1765. 825751 - 915010 
1766. 825751 - 916738 
1767. 825751 - 922721 
1768. 825751 - 927317 
1769. 825751 - 933884 
1770. 825751 - 936969 
1771. 825751 - 937312 
1772. 825751 - 938256 
1773. 825751 - 940429 
1774. 825751 - 940807 
1775. 825751 - 942430 
1776. 825834 - 915010 
1777. 825834 - 916738 
1778. 825834 - 922721 
1779. 825834 - 927317 
1780. 825834 - 933884 
1781. 825834 - 936969 
1782. 825834 - 937312 
1783. 825834 - 938256 
1784. 825834 - 940429 
1785. 825834 - 940807 
1786. 825834 - 942430 
1787. 826313 - 915010 
1788. 826313 - 916738 
1789. 826313 - 922721 
1790. 826313 - 927317 
1791. 826313 - 933884 
1792. 826313 - 936969 
1793. 826313 - 937312 
1794. 826313 - 938256 
1795. 826313 - 940429 
1796. 826313 - 940807 
1797. 826313 - 942430 
1798. 827595 - 915010 
1799. 827595 - 916738 
1800. 827595 - 922721 
1801. 827595 - 927317 
1802. 827595 - 933884 
1803. 827595 - 936969 
1804. 827595 - 937312 
1805. 827595 - 938256 
1806. 827595 - 940429 
1807. 827595 - 940807 
1808. 827595 - 942430 
1809. 829775 - 915010 
1810. 829775 - 916738 
1811. 829775 - 922721 
1812. 829775 - 927317 
1813. 829775 - 933884 
1814. 829775 - 936969 
1815. 829775 - 937312 
1816. 829775 - 938256 
1817. 829775 - 940429 
1818. 829775 - 940807 
1819. 829775 - 942430 
1820. 833188 - 915010 
1821. 833188 - 916738 
1822. 833188 - 922721 
1823. 833188 - 927317 
1824. 833188 - 933884 
1825. 833188 - 936969 
1826. 833188 - 937312 
1827. 833188 - 938256 
1828. 833188 - 940429 
1829. 833188 - 940807 
1830. 833188 - 942430 
1831. 833188 - 952015 
1832. 839925 - 922721 
1833. 839925 - 927317 
1834. 839925 - 933884 
1835. 839925 - 936969 
1836. 839925 - 937312 
1837. 839925 - 938256 
1838. 839925 - 940429 
1839. 839925 - 940807 
1840. 839925 - 942430 
1841. 839925 - 952015 
1842. 839925 - 956876 
1843. 839925 - 958361 
1844. 839925 - 958376 
1845. 839925 - 959520 
1846. 851690 - 933884 
1847. 851690 - 936969 
1848. 851690 - 937312 
1849. 851690 - 938256 
1850. 851690 - 940429 
1851. 851690 - 940807 
1852. 851690 - 942430 
1853. 851690 - 952015 
1854. 851690 - 956876 
1855. 851690 - 958361 
1856. 851690 - 958376 
1857. 851690 - 959520 
1858. 851690 - 963352 
1859. 851690 - 963993 
1860. 854119 - 936969 
1861. 854119 - 937312 
1862. 854119 - 938256 
1863. 854119 - 940429 
1864. 854119 - 940807 
1865. 854119 - 942430 
1866. 854119 - 952015 
1867. 854119 - 956876 
1868. 854119 - 958361 
1869. 854119 - 958376 
1870. 854119 - 959520 
1871. 854119 - 963352 
1872. 854119 - 963993 
1873. 862604 - 952015 
1874. 862604 - 956876 
1875. 862604 - 958361 
1876. 862604 - 958376 
1877. 862604 - 959520 
1878. 862604 - 963352 
1879. 862604 - 963993 
1880. 862604 - 974478 
1881. 862934 - 952015 
1882. 862934 - 956876 
1883. 862934 - 958361 
1884. 862934 - 958376 
1885. 862934 - 959520 
1886. 862934 - 963352 
1887. 862934 - 963993 
1888. 862934 - 974478 
1889. 863393 - 952015 
1890. 863393 - 956876 
1891. 863393 - 958361 
1892. 863393 - 958376 
1893. 863393 - 959520 
1894. 863393 - 963352 
1895. 863393 - 963993 
1896. 863393 - 974478 
1897. 865299 - 952015 
1898. 865299 - 956876 
1899. 865299 - 958361 
1900. 865299 - 958376 
1901. 865299 - 959520 
1902. 865299 - 963352 
1903. 865299 - 963993 
1904. 865299 - 974478 
1905. 865299 - 984904 
1906. 872924 - 956876 
1907. 872924 - 958361 
1908. 872924 - 958376 
1909. 872924 - 959520 
1910. 872924 - 963352 
1911. 872924 - 963993 
1912. 872924 - 974478 
1913. 872924 - 984904 
1914. 872924 - 986459 
1915. 872924 - 989436 
1916. 876454 - 956876 
1917. 876454 - 958361 
1918. 876454 - 958376 
1919. 876454 - 959520 
1920. 876454 - 963352 
1921. 876454 - 963993 
1922. 876454 - 974478 
1923. 876454 - 984904 
1924. 876454 - 986459 
1925. 876454 - 989436 
1926. 895470 - 984904 
1927. 895470 - 986459 
1928. 895470 - 989436 
1929. 895470 - 996704 
1930. 900900 - 984904 
1931. 900900 - 986459 
1932. 900900 - 989436 
1933. 900900 - 996704 
1934. 915010 - 996704 
